math.11 math.8 female manual school
39  36  0  0   1
11  19  1  1   1
32  31  1  1   1
27  23  1  0   1
36  39  1  0   1
33  25  0  1   1
30  27  0  1   1
17  14  0  1   1
33  30  0  1   1
20  19  0  1   1
13  11  0  0   1
25  19  0  1   1
27  29  1  1   1
21  22  0  0   1
30  21  0  1   1
27  19  1  0   1
22  17  0  1   1
16  11  0  1   1
20  14  1  1   1
27  19  1  0   2
37  30  0  0   2
28  24  1  1   2
37  34  0  0   2
19  14  1  1   2
37  33  1  1   3
39  34  1  1   3
37  37  0  0   3
35  32  1  1   3
33  23  0  1   3
37  33  0  1   3
37  24  0  1   3
32  18  1  1   3
22  31  0  1   3
36  29  1  1   3
15  28  0  1   3
37  28  0  1   3
20  12  1  1   4
13   7  1  1   4
25  28  0  1   4
21  21  1  1   4
38  37  0  1   4
24  20  1  1   4
14  11  0  1   4
26  21  1  1   4
34  30  1  1   4
33  21  0  1   4
36  23  0  1   4
35  23  0  1   4
34  28  1  1   4
33  29  1  1   4
25  12  0  1   5
33  26  0  1   5
36  30  1  0   5
31  25  0  0   5
25  20  1  1   5
37  34  1  0   5
23  18  0  0   5
34  32  1  0   5
36  33  1  0   5
30  25  0  1   5
33  31  1  0   5
32  29  0  0   5
21  25  1  1   5
34  31  1  1   5
38  37  0  0   5
36  26  0  0   5
36  35  1  1   5
37  35  1  0   5
34  30  1  0   5
28  33  1  0   5
30  28  0  0   5
37  31  0  0   5
36  40  0  0   5
28  21  1  1   6
31  26  0  1   6
30  24  1  1   6
37  29  0  1   6
32  32  1  1   6
36  30  0  1   6
40  33  0  1   6
36  31  1  1   6
30  28  0  1   6
22  23  0  1   6
37  31  0  1   7
37  17  1  1   7
38  31  1  0   7
21   9  1  1   7
30  23  0  1   8
27  20  1  1   8
33  30  0  1   8
31  22  1  1   8
29  31  0  1   8
35  28  1  1   8
37  23  0  1   8
33  30  1  1   8
35  34  0  0   8
25  30  1  1   8
30  22  1  1   8
21  22  0  0   8
32  25  1  1   8
23  18  1  1   8
38  35  1  1   8
34  29  0  0   8
18  13  1  1   8
33  28  1  1   8
32  26  0  1   9
37  39  1  0   9
35  33  1  1   9
36  33  1  0   9
37  37  1  0   9
39  36  0  0   9
37  33  0  0   9
38  36  0  0   9
17  11  0  0   9
32  24  0  1   9
30  30  0  1   9
31  23  0  0   9
34  26  1  1   9
38  33  0  0   9
38  34  0  0   9
28  25  1  0   9
32  29  1  0   9
22  18  1  1   9
18  13  0  0   9
22  16  0  0   9
32  26  0  0  11
30  28  0  0  11
15  21  0  1  11
35  25  1  0  11
24  22  0  0  11
31  29  1  0  11
33  23  1  1  11
38  31  0  1  11
29  26  0  1  11
34  28  1  1  12
15   9  0  1  12
34  25  1  1  12
37  32  0  1  12
32  34  0  0  12
38  39  1  0  12
39  36  1  1  12
21  26  0  0  12
36  29  1  0  12
27  21  1  1  12
27  23  0  0  12
37  28  1  1  12
33  28  1  1  12
24  28  1  0  12
14  14  0  1  12
25  21  0  1  12
32  22  0  1  12
38  32  1  1  12
20  16  0  1  12
30  31  1  1  13
28  34  1  1  13
33  33  1  1  13
31  25  1  1  13
36  21  0  1  13
10  21  1  1  13
13  20  0  1  13
29  25  1  1  13
20  23  1  0  13
29  27  1  0  13
38  35  0  1  13
33  27  1  1  13
35  24  0  1  13
32  20  0  0  13
37  14  1  1  13
21  14  0  1  13
36  26  1  0  13
24  15  0  1  13
30  30  1  1  14
22  19  0  1  14
26  15  0  1  14
30  25  0  1  14
36  38  1  0  15
37  29  0  1  15
36  37  1  0  15
37  34  1  0  15
36  24  1  1  15
32  30  0  1  16
28  23  1  1  16
31  27  0  1  16
37  22  1  1  16
23  18  1  1  16
38  27  0  0  16
30  22  0  1  16
26  27  0  1  16
17  14  1  1  16
 8  12  0  1  16
13   8  0  1  16
30  22  0  1  16
38  39  0  0  17
32  23  1  1  17
26  20  1  1  17
35  36  0  0  18
20  14  0  1  18
26  22  0  1  18
36  30  1  1  18
38  34  1  0  18
25  22  1  1  18
29  24  1  1  18
33  32  0  0  18
30  25  1  1  18
21  24  1  1  18
38  35  1  1  18
31  32  1  1  18
29  17  0  1  18
33  15  1  1  19
34  30  0  1  19
25  13  0  1  19
38  18  0  0  19
35  35  0  1  19
30  15  1  1  19
32  19  0  1  19
31  26  1  0  19
32  22  1  1  19
33  26  1  1  19
37  36  1  1  19
30  28  1  1  19
27  25  0  1  19
35  30  0  1  20
32  26  0  1  20
37  37  1  0  20
32  30  0  0  20
14  25  0  1  20
28  26  1  1  20
28  25  0  0  20
30  27  1  1  21
33  30  0  1  21
27  22  1  0  21
31  16  0  0  21
27  28  0  1  21
24  20  1  1  21
24  14  1  1  21
30  25  0  1  21
21  21  0  1  21
28  24  0  1  21
24  16  1  1  21
34  31  1  1  21
15  18  0  1  21
18  16  0  1  21
23  17  1  1  21
29  28  0  1  21
23  18  1  1  21
36  29  0  0  21
24  16  1  1  21
22  21  0  1  21
31  18  0  1  21
29  25  0  1  21
34  29  1  1  22
38  39  1  0  22
35  32  0  1  22
34  32  0  0  22
27  23  1  0  22
27  23  0  1  22
25  24  0  1  22
29  27  0  1  22
25  23  0  1  22
40  34  1  1  23
28  18  0  0  23
25  28  0  1  23
35  29  0  1  23
32  31  0  1  23
40  36  0  1  23
37  33  0  0  23
28  28  0  0  23
34  26  1  1  23
35  25  0  0  24
32  15  1  1  24
34  21  0  1  24
37  35  0  0  24
37  31  1  0  24
36  31  0  1  24
27  20  0  1  24
37  34  1  1  24
33  27  0  1  24
37  35  1  0  24
36  20  1  1  24
23  12  1  1  24
31  18  1  1  24
31  22  1  1  24
36  26  0  1  24
29  26  1  1  24
38  31  1  1  24
32  25  1  0  25
39  36  1  0  25
30  24  0  1  25
33  27  0  0  25
29  30  0  1  25
32  31  0  1  25
36  31  1  1  26
35  20  1  1  26
34  30  0  1  26
37  29  0  1  26
24  15  0  1  26
33  30  0  1  26
11  11  0  1  26
37  32  1  1  26
33  25  1  1  26
26  22  0  1  26
39  33  1  1  26
29  25  1  1  26
37  31  1  1  26
36  34  0  1  26
33  24  1  1  26
35  32  1  1  26
30  33  0  1  26
18  17  0  1  26
33  22  1  0  27
29  19  0  1  27
30  25  1  1  27
31  28  0  0  27
14  18  1  1  27
36  28  0  1  27
23  23  0  1  27
33  20  1  0  27
33  23  0  0  27
31  25  0  1  27
39  27  1  1  27
32  22  0  0  27
32  26  0  1  27
21  19  1  1  27
29  18  1  0  27
39  36  1  1  27
28  24  0  1  27
37  30  0  1  27
14  13  1  1  28
14  11  1  1  28
22  16  1  1  28
39  25  1  1  28
21  24  1  0  28
25  12  1  0  28
27  11  0  0  28
22  27  0  1  28
37  29  0  1  28
29  26  1  1  28
39  29  1  0  28
29  23  0  1  29
36  32  1  1  29
29  19  1  1  29
32  22  1  0  29
20  19  0  1  29
28  28  1  1  29
29  24  0  0  29
29  31  0  1  29
14  17  0  1  29
33  24  0  1  29
24  19  1  0  29
29  21  0  1  29
38  33  1  0  30
35  23  1  0  30
37  29  0  0  30
31   8  0  1  30
27  22  1  1  30
25  19  1  1  30
32  27  0  1  30
30  22  1  1  30
18  13  0  0  30
36  28  0  0  30
37  34  1  1  30
38  28  1  1  30
32  30  1  1  30
35  30  1  0  30
32  29  1  1  30
35  27  1  0  30
34  33  1  0  30
29  20  0  0  30
35  25  0  0  30
11  12  1  1  30
25  25  0  1  30
39  18  0  1  31
39  35  0  0  31
37  29  0  0  31
39  32  0  0  31
36  28  1  1  31
35  25  1  1  31
30  24  1  0  31
35  33  0  0  31
37  35  0  0  31
34  20  1  1  31
30  20  1  1  31
31  22  1  1  31
30  18  0  0  31
33  14  0  1  31
35  13  0  1  31
35  27  0  1  31
37  26  0  1  31
40  33  0  0  31
30  28  0  1  31
39  34  1  0  31
40  38  1  0  31
38  35  1  0  31
40  36  1  0  31
40  40  0  0  31
36  35  0  0  31
39  37  0  0  31
40  40  0  0  31
33  33  0  0  31
36  30  1  1  31
33  24  1  0  31
35  22  1  1  31
22  20  1  1  32
36  33  1  0  32
32  24  1  1  32
34  32  1  0  32
34  21  1  0  32
32  29  1  0  32
18  16  1  1  32
37  36  1  1  32
31  33  1  0  32
32  20  1  1  32
32  31  1  1  32
35  31  1  1  32
25  23  1  1  32
34  30  1  0  32
34  34  1  0  32
13  11  1  0  32
30  26  1  1  32
27  17  1  0  32
21  14  1  1  32
19  22  1  1  32
31  30  1  1  33
21  20  1  1  33
11  21  0  1  33
23  27  0  1  33
30  28  0  1  33
24  28  0  1  33
38  34  1  1  33
18  19  1  1  33
24  22  0  1  33
28  27  1  1  33
30  30  0  1  33
32  31  0  0  33
23  24  1  1  33
33  33  0  1  33
35  27  1  1  33
31  29  1  0  33
33  32  0  1  33
28  31  1  0  33
36  34  1  1  33
35  35  0  1  33
26  24  1  1  33
21  28  1  1  33
25  21  0  1  33
37  35  1  1  33
32  27  0  1  33
33  33  0  1  33
37  32  1  1  33
37  31  0  1  33
30  30  0  0  33
33  30  0  1  33
28  33  1  1  33
37  36  1  0  33
32  30  0  0  33
27  26  0  0  33
33  31  1  1  33
33  34  1  1  33
32  28  1  0  33
36  39  1  1  33
34  25  0  0  34
36  30  1  0  34
23  12  1  1  34
36  26  0  1  34
31  24  1  1  34
35  30  1  1  34
35  32  1  1  34
37  30  1  1  34
34  24  1  0  34
38  31  0  1  34
30  32  1  1  34
30  17  0  0  34
35  31  1  0  34
37  33  1  1  34
29  19  1  1  34
39  31  0  1  34
32  21  1  1  34
31  22  0  1  34
36  27  1  1  34
36  33  1  1  34
34  29  1  0  34
30  20  1  0  34
30  23  0  1  34
30  20  1  1  34
37  37  1  0  35
35  32  1  0  35
34  36  0  1  35
38  37  1  0  35
29  31  0  1  35
29  34  1  0  35
27  30  0  0  35
34  33  1  1  35
24  19  1  0  35
34  31  0  0  35
 9  19  1  0  35
34  24  1  0  35
36  33  1  0  35
34  30  1  1  36
32  20  1  1  36
37  19  1  1  36
36  31  0  1  36
35  23  1  0  36
39  30  1  1  36
39  33  1  0  36
32  26  1  1  36
36  35  0  1  36
36  28  0  1  36
31  19  0  0  36
30  26  1  1  36
34  15  0  1  36
39  26  1  1  36
32  18  0  1  36
40  39  1  0  36
35  35  0  0  36
33  33  0  1  36
32  22  1  0  36
37  31  1  0  36
36  26  1  1  36
32  16  1  1  36
40  36  1  1  36
33  32  0  1  37
25  19  1  1  37
31  32  1  1  37
32  27  1  1  37
37  31  0  0  37
35  25  1  0  37
33  32  1  1  37
35  29  0  1  37
29  24  1  1  37
32  25  1  0  37
36  18  1  0  37
32  31  0  1  37
37  36  1  1  37
29  20  0  0  37
25  20  0  1  37
34  26  0  0  38
35  31  1  1  38
32  11  0  1  38
37  21  0  1  38
31  13  1  1  38
32  28  1  1  38
34  17  1  1  38
31  15  0  1  38
32  22  0  0  38
25  23  1  0  39
24  14  1  1  39
30  24  1  0  39
30  25  0  1  39
29  22  1  1  39
32  26  0  1  39
32  29  0  1  39
29  25  1  0  39
37  33  0  1  39
33  25  1  1  39
32  27  1  1  39
32  23  1  1  40
29  22  1  1  40
29  28  1  0  40
36  24  1  1  40
19  24  0  1  40
12  15  0  1  40
15  13  1  1  40
 8   9  1  1  40
28  18  0  1  40
36  31  1  0  40
32  21  0  1  41
36  23  0  0  41
37  33  1  1  41
29  25  1  1  41
32  25  1  1  41
30  24  1  1  41
39  30  1  0  41
39  35  1  0  41
36  20  0  1  42
32  28  1  1  42
30  31  0  1  42
19  21  0  1  42
25  29  0  1  42
15  24  0  1  42
34  32  0  1  42
22  21  1  0  42
33  36  0  1  42
17  21  1  1  42
29  31  0  1  42
31  27  1  1  42
35  38  1  1  42
30  22  0  1  42
28  21  1  1  42
35  36  0  1  42
33  37  0  1  42
28  22  0  1  42
34  23  0  1  42
19  17  1  1  42
34  30  0  1  42
38  30  1  1  42
28  14  0  1  42
30  26  1  1  42
33  13  0  0  42
20  19  1  1  42
37  24  1  1  42
31  29  1  1  44
34  32  1  1  44
37  33  1  1  44
21  15  0  1  44
17  14  0  1  45
28  24  1  0  45
 7  11  1  1  45
33  34  1  0  45
24  20  0  1  45
39  39  0  0  45
30  31  1  1  45
16   5  0  1  45
36  36  0  0  45
35  34  1  0  46
34  24  1  1  46
33  31  0  1  46
36  27  1  1  46
36  37  0  1  46
32  23  0  1  46
29  19  1  1  46
35  32  1  0  46
31  25  0  1  46
38  40  0  0  46
40  40  0  0  47
36  32  1  1  47
39  24  1  1  47
38  27  1  1  47
28  26  1  1  47
36  21  0  1  47
22  21  0  1  47
31  34  0  1  47
30  29  1  1  47
32  36  0  1  47
32  29  0  1  47
36  26  1  1  47
34  29  1  1  47
39  31  0  1  47
39  35  1  0  47
38  33  1  1  47
33  26  0  0  47
35  22  0  0  47
33  28  0  1  47
37  26  1  0  47
36  13  1  1  47
33  24  0  1  47
32  18  0  1  47
35  25  1  1  47
33  21  1  1  47
32  26  0  1  47
22  17  1  1  47
32  32  1  1  48
24  16  1  1  48
30  31  0  0  48
23  25  0  1  48
34  28  0  1  48
23  26  1  1  48
32  32  0  1  48
34  30  1  1  48
33  22  0  1  48
31  31  0  0  48
26  21  1  0  48
31  25  0  0  48
39  25  1  0  48
35  27  1  1  48
36  37  0  1  48
22  21  1  1  48
26  30  0  1  48
19  15  1  0  48
33  27  1  0  48
38  30  0  0  48
31  22  1  1  48
36  36  0  1  48
33  27  1  1  48
19  24  0  1  48
10  14  0  1  48
31  40  1  1  48
35  32  1  0  48
35  38  0  0  48
34  33  1  1  48
34  31  1  1  48
31  31  1  0  48
28  24  0  0  48
36  40  1  1  48
22  29  1  0  48
31  29  0  1  48
15  24  1  0  48
35  35  1  0  48
33  32  0  0  48
34  33  1  0  48
14  11  1  1  48
31  28  1  1  48
39  36  0  0  48
28  24  1  1  48
34  27  1  0  48
29  23  1  1  48
29  31  1  0  48
25  12  1  1  48
30  25  1  1  48
16  15  0  1  48
21  15  0  1  49
38  31  0  1  49
37  30  0  1  49
32  24  1  1  49
32  28  1  0  49
24  29  1  1  49
33  26  1  1  49
35  28  0  0  49
12   8  1  1  49
36  34  0  1  49
36  23  0  0  49
39  35  0  0  49
22  21  1  1  49
34  31  0  1  49
20   8  1  1  49
38  39  0  0  49
39  37  0  0  49
38  36  0  0  49
37  32  0  1  50
30  18  0  1  50
25  22  1  0  50
38  27  0  0  50
28  24  0  1  50
36  26  1  0  50
36  11  1  1  50
23  20  1  1  50
37  26  0  1  50
39  35  0  0  50
37  34  0  1  50
